{
 "cells": [
  {
   "cell_type": "markdown",
   "id": "8413a820",
   "metadata": {},
   "source": [
    "### simple attention msm"
   ]
  },
  {
   "cell_type": "code",
   "execution_count": 1,
   "id": "cdfca5ad",
   "metadata": {},
   "outputs": [],
   "source": [
    "import numpy as np\n",
    "import torch\n",
    "import math"
   ]
  },
  {
   "cell_type": "code",
   "execution_count": 2,
   "id": "67a8dcda",
   "metadata": {},
   "outputs": [],
   "source": [
    "# input string\n",
    "input_str = \"Your journey starts with one step\""
   ]
  },
  {
   "cell_type": "code",
   "execution_count": 5,
   "id": "4bd798dc",
   "metadata": {},
   "outputs": [],
   "source": [
    "# get the embeddings of all the tokens\n",
    "inputs = torch.tensor([\n",
    "   [0.43, 0.15, 0.89], # Your\n",
    "   [0.55, 0.87, 0.66], # journey\n",
    "   [0.57, 0.85, 0.64], # starts\n",
    "   [0.22, 0.58, 0.33], # with\n",
    "   [0.77, 0.25, 0.10], # one\n",
    "   [0.05, 0.80, 0.55]  # step\n",
    "])"
   ]
  },
  {
   "cell_type": "markdown",
   "id": "d6462255",
   "metadata": {},
   "source": [
    "### calculate attention scores\n",
    "- how much every word in your sentence `relates` to every other word using a dot product.\n",
    "\n",
    "**How it works (The Example):**\n",
    "- Imagine the model is looking at the word `journey` (the query) and comparing it to the word `step` (the embedding):\n",
    "**1. The Inputs:** \n",
    "- 1. **\"journey\" vector:** [0.55, 0.87, 0.66]\n",
    "- 2. **\"step\" vector:** [0.05, 0.80, 0.55]\n",
    "\n",
    "**2. The Calculation (torch.dot):** It multiplies the matching numbers and adds them up:\n",
    "`((0.55 times 0.05) + (0.87 times 0.80) + (0.66 times 0.55) = 1.0865`\n",
    "\n",
    "**3. The Storage:** It places that score `1.0865` into the attention_scores grid.\n",
    "\n",
    "**The Loops:** The code repeats this for every possible pair of words.\n",
    "\n",
    "**The Grid:** You end up with a `6 X 6` table."
   ]
  },
  {
   "cell_type": "code",
   "execution_count": 7,
   "id": "e4977232",
   "metadata": {},
   "outputs": [
    {
     "data": {
      "text/plain": [
       "tensor([[0., 0., 0., 0., 0., 0.],\n",
       "        [0., 0., 0., 0., 0., 0.],\n",
       "        [0., 0., 0., 0., 0., 0.],\n",
       "        [0., 0., 0., 0., 0., 0.],\n",
       "        [0., 0., 0., 0., 0., 0.],\n",
       "        [0., 0., 0., 0., 0., 0.]])"
      ]
     },
     "execution_count": 7,
     "metadata": {},
     "output_type": "execute_result"
    }
   ],
   "source": [
    "# store all attention scores\n",
    "attention_scores = torch.empty(inputs.shape[0], inputs.shape[0])\n",
    "attention_scores"
   ]
  },
  {
   "cell_type": "code",
   "execution_count": 8,
   "id": "36899bd3",
   "metadata": {},
   "outputs": [
    {
     "data": {
      "text/plain": [
       "tensor([[0.9995, 0.9544, 0.9422, 0.4753, 0.4576, 0.6310],\n",
       "        [0.9544, 1.4950, 1.4754, 0.8434, 0.7070, 1.0865],\n",
       "        [0.9422, 1.4754, 1.4570, 0.8296, 0.7154, 1.0605],\n",
       "        [0.4753, 0.8434, 0.8296, 0.4937, 0.3474, 0.6565],\n",
       "        [0.4576, 0.7070, 0.7154, 0.3474, 0.6654, 0.2935],\n",
       "        [0.6310, 1.0865, 1.0605, 0.6565, 0.2935, 0.9450]])"
      ]
     },
     "execution_count": 8,
     "metadata": {},
     "output_type": "execute_result"
    }
   ],
   "source": [
    "for row, query in enumerate(inputs):\n",
    "    for col, embedding in enumerate(inputs):\n",
    "        attention_scores[row][col] = torch.dot(query, embedding)\n",
    "attention_scores        "
   ]
  },
  {
   "cell_type": "code",
   "execution_count": 9,
   "id": "d23634ce",
   "metadata": {},
   "outputs": [
    {
     "data": {
      "text/plain": [
       "tensor([[0.9995, 0.9544, 0.9422, 0.4753, 0.4576, 0.6310],\n",
       "        [0.9544, 1.4950, 1.4754, 0.8434, 0.7070, 1.0865],\n",
       "        [0.9422, 1.4754, 1.4570, 0.8296, 0.7154, 1.0605],\n",
       "        [0.4753, 0.8434, 0.8296, 0.4937, 0.3474, 0.6565],\n",
       "        [0.4576, 0.7070, 0.7154, 0.3474, 0.6654, 0.2935],\n",
       "        [0.6310, 1.0865, 1.0605, 0.6565, 0.2935, 0.9450]])"
      ]
     },
     "execution_count": 9,
     "metadata": {},
     "output_type": "execute_result"
    }
   ],
   "source": [
    "attention_scores = inputs @ inputs.T\n",
    "attention_scores"
   ]
  },
  {
   "cell_type": "markdown",
   "id": "ab08f4f7",
   "metadata": {},
   "source": [
    "### calculate attention weights"
   ]
  },
  {
   "cell_type": "code",
   "execution_count": 11,
   "id": "e4a6ed43",
   "metadata": {},
   "outputs": [
    {
     "data": {
      "text/plain": [
       "tensor([[0.2241, 0.1455, 0.1454, 0.1304, 0.1436, 0.1350],\n",
       "        [0.2140, 0.2278, 0.2277, 0.2313, 0.2219, 0.2325],\n",
       "        [0.2113, 0.2249, 0.2248, 0.2275, 0.2245, 0.2269],\n",
       "        [0.1066, 0.1285, 0.1280, 0.1354, 0.1090, 0.1405],\n",
       "        [0.1026, 0.1077, 0.1104, 0.0953, 0.2088, 0.0628],\n",
       "        [0.1415, 0.1656, 0.1637, 0.1801, 0.0921, 0.2022]])"
      ]
     },
     "execution_count": 11,
     "metadata": {},
     "output_type": "execute_result"
    }
   ],
   "source": [
    "attention_weights = attention_scores / attention_scores.sum(dim=0)\n",
    "attention_weights"
   ]
  },
  {
   "cell_type": "markdown",
   "id": "ec208694",
   "metadata": {},
   "source": [
    "### apply softmax"
   ]
  },
  {
   "cell_type": "code",
   "execution_count": 12,
   "id": "53e63456",
   "metadata": {},
   "outputs": [
    {
     "data": {
      "text/plain": [
       "tensor([[0.2098, 0.2006, 0.1981, 0.1242, 0.1220, 0.1452],\n",
       "        [0.1385, 0.2379, 0.2333, 0.1240, 0.1082, 0.1581],\n",
       "        [0.1390, 0.2369, 0.2326, 0.1242, 0.1108, 0.1565],\n",
       "        [0.1435, 0.2074, 0.2046, 0.1462, 0.1263, 0.1720],\n",
       "        [0.1526, 0.1958, 0.1975, 0.1367, 0.1879, 0.1295],\n",
       "        [0.1385, 0.2184, 0.2128, 0.1420, 0.0988, 0.1896]])"
      ]
     },
     "execution_count": 12,
     "metadata": {},
     "output_type": "execute_result"
    }
   ],
   "source": [
    "# dim = -1: get the softmax on last dimension\n",
    "normalized_attention_weights = torch.softmax(attention_scores, dim=-1)\n",
    "normalized_attention_weights"
   ]
  },
  {
   "cell_type": "markdown",
   "id": "b3f401d0",
   "metadata": {},
   "source": [
    "### Calculate the context vectors"
   ]
  },
  {
   "cell_type": "code",
   "execution_count": 13,
   "id": "69601ce5",
   "metadata": {},
   "outputs": [
    {
     "data": {
      "text/plain": [
       "tensor([[0.4421, 0.5931, 0.5790],\n",
       "        [0.4419, 0.6515, 0.5683],\n",
       "        [0.4431, 0.6496, 0.5671],\n",
       "        [0.4304, 0.6298, 0.5510],\n",
       "        [0.4671, 0.5910, 0.5266],\n",
       "        [0.4177, 0.6503, 0.5645]])"
      ]
     },
     "execution_count": 13,
     "metadata": {},
     "output_type": "execute_result"
    }
   ],
   "source": [
    "context_vectors = normalized_attention_weights @ inputs\n",
    "context_vectors"
   ]
  }
 ],
 "metadata": {
  "kernelspec": {
   "display_name": "venv",
   "language": "python",
   "name": "python3"
  },
  "language_info": {
   "codemirror_mode": {
    "name": "ipython",
    "version": 3
   },
   "file_extension": ".py",
   "mimetype": "text/x-python",
   "name": "python",
   "nbconvert_exporter": "python",
   "pygments_lexer": "ipython3",
   "version": "3.11.0"
  }
 },
 "nbformat": 4,
 "nbformat_minor": 5
}
